Entropia: 4.660859699843895
 Cantidad de información: 1263.8998929076083
 Longitud media: 4.999999999999995
Kraft: 0.9999999999999968
Rendimiento: 0.93217193996878
 Redundancia: 0.06782806003122