Entropia: 5.967548262726426
 Cantidad de información: 5380.046650938213
 Longitud media: 6.999999999999979
Kraft: 1.0000000000000349
Rendimiento: 0.8525068946752064
 Redundancia: 0.14749310532479365