Entropia: 2.851911558284388
 Cantidad de información: 84.66114137991889
 Longitud media: 2.9999999999999996
Kraft: 0.9999999999999993
Rendimiento: 0.9506371860947961
 Redundancia: 0.04936281390520392